################## matplot; many series in the same plot #################################
datos20 <- c(415.148,415.148,415.148,415.148,415.148,415.148,415.148,415.148,415.148,415.148,415.148,415.148,415.148,415.148,415.148,415.148,415.148,415.148,415.148,415.148,415.148,415.148,415.148,415.146,415.137,415.118,412.235,409.334,406.417,403.482,393.668,383.844,374.011,371.015,368.006,367.654,367.246,366.779,366.248,365.650,364.981,364.237,363.414,362.511,361.528,361.547,364.431,367.331,370.251,373.194,376.164,379.164,382.198,385.269,388.379,388.723,389.111,389.545,390.023,390.545,391.112,391.722,392.375,393.072,393.810,393.510,393.158,392.750,392.283,391.753,400.724,409.588,418.340,426.974,426.071,425.088,424.026,422.886,418.997,415.045,411.032,406.958,402.827,398.638,394.394,396.896,399.299,405.261,411.097,416.808,405.160,393.483,381.780,373.146,374.051,375.043,376.123,377.297,381.239,385.267,389.383,393.590,397.891,402.288,406.785,404.583,402.533,396.978,391.609,386.429,389.106,391.916,394.858,394.840,394.806,402.750,410.661,418.534,426.363,426.194,426.068,425.981,425.929,425.909,425.916,425.945,425.993,426.056,426.129,426.207,426.288,426.368,426.448,426.527,426.606,418.688,410.779,402.881,394.995,395.072,395.065,394.975,394.801,396.936,399.137,401.408,403.755,406.181,408.691,411.290,413.983,416.773,419.667,422.668,425.780,429.010,432.360,435.837,439.443,443.185,460.115,477.240,494.558,509.672,511.574,513.461,515.328,517.169,518.980,520.755,522.747,524.748,526.758,528.776,530.802,532.837,534.881,536.934,538.995,541.065,530.095,519.082,504.305,489.484,487.878,486.286,484.708,483.144,481.596,480.063,478.286,480.325,482.330,484.294,486.213,488.080,489.888,491.632,493.306,494.904,496.418,497.844,503.855,509.892,515.955,522.045,528.169,534.331,540.535,546.788,553.091,555.588,558.124,560.697,563.306,565.953,568.636,571.354,574.108,576.897,579.721,582.578,584.517,586.378,576.805,578.489,581.015,583.552,586.100,588.659,591.232,593.824,596.444,599.097,597.139,595.209,593.311,591.452,589.640,587.880,586.176,584.530,582.942,586.233,600.897,604.183,606.505,608.695,610.753,612.678,614.469,616.126,617.644,619.016,624.883,630.609,633.436,636.109,638.621,632.093,634.267,636.268,640.819,640.368,639.772,639.083,638.293,637.395,636.384,635.252,633.993,632.601,631.073,629.410,627.614,625.685,614.586,615.142,618.059,629.897,632.917,635.999,636.426,636.934,637.530,638.219,639.009,630.943,622.983,615.130,607.386,599.751,592.228,584.816,577.517,570.332,575.050,568.094,558.761,558.761,558.761,558.761,558.761,558.761,558.761,558.761,558.761,567.725,576.697,585.682,594.563,603.347,612.038,620.643,629.166,637.611,645.975,654.257,662.457,661.175,659.738,658.141,656.378,654.442,652.664,650.770,648.762,646.639,644.402,642.052,639.710,637.377,635.053,632.737,621.570,619.262,616.956,614.704,612.485,605.975,599.527,593.146,586.839,580.611,574.135,567.683,561.254,547.586,541.204,539.019,536.843,534.674,532.513,530.359,537.073)

nknots20 <- smooth.spline(datos20,,all.knots=FALSE,nknots=20)$y
nknots19 <- smooth.spline(datos20,,all.knots=FALSE,nknots=19)$y
nknots18 <- smooth.spline(datos20,,all.knots=FALSE,nknots=18)$y
nknots17 <- smooth.spline(datos20,,all.knots=FALSE,nknots=17)$y
nknots16 <- smooth.spline(datos20,,all.knots=FALSE,nknots=16)$y
nknots15 <- smooth.spline(datos20,,all.knots=FALSE,nknots=15)$y
nknots12 <- smooth.spline(datos20,,all.knots=FALSE,nknots=12)$y

dat <- data.frame(datos20,nknots20,nknots19,nknots18,nknots17,nknots16,nknots15,nknots12)

par(mfrow=c(2,2))
matplot(dat[,1:3], type = c("l"),col=1:ncol(dat[,1:3]))
legend("topleft",legend = names(dat)[1:3],col=1:ncol(dat[,1:3]),pch = 0.5)

matplot(dat[,c(1,4,5)], type = c("l"),col=1:ncol(dat[,c(1,4,5)]))
legend("topleft",legend = names(dat)[c(1,4,5)],col=1:ncol(dat[,c(1,4,5)]),pch = 0.5)

matplot(dat[,c(1,6,7)], type = c("l"),col=1:ncol(dat[,c(1,6,7)]))
legend("topleft",legend = names(dat)[c(1,6,7)],col=1:ncol(dat[,c(1,6,7)]),pch = 0.5)

matplot(dat[,c(1,8)], type = c("l"),col=1:ncol(dat[,c(1,8)]))
legend("topleft",legend = names(dat)[c(1,8)],col=1:ncol(dat[,c(1,8)]),pch = 0.5)

